1 1111101111 uasouaaauvu 541

130, 13 superne obe· 17, 5. 20, 8. 25, l. 20. 01111111811101110, 13
1111138,2.140,24οο1· 1. 3.,30 2.100,0.10. 811111111113100
lismsue 131,11.110,13111101111111111 11111111231, 1
20111111113111111 131, 11,1. 101, 0. 100, 13 FebeaasucraLupercorum

· Ι1.140,5111111101- 0111111110 185,4

1111111111 138,1 auersa Ennius posterior 100, ll 31011111111110540 100,
1010111111 11 ore 110, dosuguraudidiscipliua 1. 310. 3

10 obelus oum eversa 1111111111100, 11 111111- 111111 241, 5

138, 21111111 obelis· teris syllabisque 11011 Fenestella 20,8. 21, 5.
1111111140, 22 recta 11 duo 100, 0111 metris 02,1.108,2
averes superne obela- 100, 10 1111111112811

1111382.110,20 111111111111111 1111111115 1 0111ο(11111)138,3.,1413 ,

disputare Latine ex tem· ἐπαγομενοι Aegyptiorum nuestus, 10
ρ,011113 5 101, 3 1131111121, 16
1111113111111111111111340 Ερὶοὴ11111118,8 0111 217, 111
1 Epicurea 11111 100, 1 11111 202,5
11111111110111200, 1 Epicureus 105,1 tintinnire 253 2
diverbia 11,8 113ρί3111124, aspidas 1111111122 4
21111101111351011111· 124,13. 14 0181111320, 0
, 011113510(1.1·-011111 (1.811111111111111111111124, 01111101111111111 334,1
1111) 14 0111111112οῚ 13
1111111180 3 epigramma 345 12 1111111111111244, l
Gn. 011111111311110111111 epigrammata 41 , 3 1111111111 241, 5
120, 3 insudamus 214. 0 ausuum 243, 5
01110111011180, 13 111111111111331, 8. 3403 1113111210, 13
0011111101111111101, 1.1 1111240, l. 333, 4 11111010101111) 135 0
113,11111111111111111- 1111133114 10111111111181, 0
1111141, 0 Ε111111111111113,38 8. 10 101111111111142, 5
1111111111310,101111 1111111113) 1ο111111οο11111111310, 8
1111111310, 5 Etesiae 241, 7 242, 4 0111111241, 14
0111111110, 3 ethologiae 1114, 3 1111111111 248 l. 252, 2
δραματικὸνροοιη11, 12. Etruria 332, 0. 333, 1 11111112420011111111111
5, 3. 13 311111111118,12 324, 4 242,108111111111242,
(11111111251, 2 811111111015 10
1111111111250,2 3111111110. 511111 1111- 11113111112521
1111111140,5 ριπι’οουςΤη1.1φῳ325, 1111111111254, 2 =
ductus simplex 131,10. 8111111 321, 8 1111111111111111011111111320,
130, 8 eurip 11331, 4 1
euroauster 230, 0 1118111223,2.5.1. 10.
1111111315, 1. 3 224, 4. 225, 2
501111(1)0111111111102, 14 1111112301 lulmiau 223, 4. 8. 12.
1111111180 ἐξηγητικόν 11111115, 1 224, 3. 10. 225, 5
eleg 111110, o 1,10, 5 Fulvus 1251
1111111111111111111103,2.111111320010 1111111108 3
200, 5 1111111 11111111-111111111111281ῤ111. Fulvius Nobilior 33,1
uio 201, 1 elflciaut 11- 1113111111 bituminosas
cus colores 225, 0 111 Furius Bibaculus 103,
aurigarum colores 111· (1111111 Labeo 31, 14 1331011111120,2.101,
1111111330, 3. 11 Μ. Fabius Quintilianus 10.100,22.110,8
elephantos 250, 3 120, 5011111111111111120, 1’1111111101111111)28,4.33,
elephantina omenta 133,1 1 0111111121, ll
10 1101111110, 4 3111111111111101111182,8
11111111111111111, 15 111111205, 10 1111113200
Empedocles 10, 10 1111111201,1
11111111111111111111412.111110,13
5,1. 10, 5 (1111111111111111111111110111111120,10
(1.111111111245 Esaias 01135810 (11101120, 5

35·

 

