1111151115 111551111111 549

1511518111111207, 12 151111111194, 1 11115122, 0. 100, 511
15111101111500, 4 051115 1511111328, 1'1. 329, 7 Odyssia 347, 911.
97,1 λα’ταξ η329, 7 348, 9
15115101115111151108,3 1111111105, 5 100, 7. 219, 11115185115115123, 1
15511111515111 104, 3. 4 l. 220, 8. 13. 232, 2. 1551111111111102,1. 215,

1515 184, 3. 338, 13 1111151310912317,2 G. 1551115137, 0151111151
’ 15511113122513551330,1111551(8111511)3Ι79 20,1.5.37,5. 1123.
3151111151334,215-15111112501 138, 511 rimo 21 8
111111111101,0.103,15111111151111115517 11151115 ’148 715 51
2. 210, 015551 syuo- 1111115111 317 3 (1111115347, 15111115-
(11511217, 5 155115ῑὶ151 1111310, 3 15115157, 71115115101,
1515 278, 3 lautumiae 320, 9 8
1511111, 15111111, iuren— 11111511 357, 3 Τ. Lucretius 38,0 15511-
151274, 10 legatariae editiones 334, 11515, 9. 10, 10. 138,
10 7. 224, 2. 227, 11.
1131151277, 7 247,2
11111151100, 3. 4. 7 11111278, 3 1111111510155143, 10
115111111152091 11315278, 7 11155111113011
Karthago 20 4. 27, 2 11111511151511151 150111155279, 10
1155532710328, 1 11535151 Syracusanus 151111511278,10

. 101155 11511115 2. 10. 139,13 1511151333, 5

10, 13 1151111247, 4 15151333,4111111115111

¹ 1111111117,12 11555551 compos 1259 11111334,1101ρί15·

44410104 274, l. 327, lep 5111259, 2 1111334, 391115111334,
15 11511115 32 15 12 circenses 334, 22,
καῖμοςὸ, 0 11111517110988111404111 337, 8. 3408151151-
κόσμος 194,1 μικρὸς 11181115111358101111- 111118,2 Florales 334,
1111551104 2 15111148, 0 l2glediutorii348‚5Lo-
κόῖτοίξος, 328, 11. 329, {el} sufflo {l ,lg 11111Ξ134ὶὲ21311ἔ11111-
rer ses , . ·
11501111 325 15 Liberpntcriiffl 333, 10 Ν1ρ1111111334,1211-
1501511511511111111324, 1 11511340182527.11111155111111334,18
15151323110151011414 28. 29, 341, 2 11115111 340, 1. 9. 20
ἔλεγον 325 1 Liberul1u6,4. 7, 5. 333 Tarpeii 334, 3 115111-
1113155111111327, 11 9. 340, 20 1117,15 “
1105113207110111277,1011111151515 Lugdunum 84,2
sdgnitio 9, l lugere 251, 2
1111111111 134, 18. 20 lulligines 234, 2
1551111140,1 libri socri Acgyptiorum 1555 101, 2. 10205511-
11111111 277, 2 132, 2 11 230, 0 septimo semis
15111115,12 librorum moduli 133,7 210, 9 quintu 11151511
G. 11105127, 4. 1128,11515111115115111111134, 213, 3 11151111111551-
..4 39,.3 12. 31, 2. 11. 4151111515 134 5 · 11111111210,911151-
33,7 Liby 1315, 2 111111211111111151-
11111111151111551101, 7.9 1151115134,1 151 synodicus 217, 2
Laelius Hermas 108, 8 1,111151119151151120,4 551151211, 1 eclipsis
11111111 108, 18 11111151 Macer 108,1 213, 1 15111111 210, 4
1111520112 11112313. iumen 208, 9 nature
111111 207, 14 litterati 103. 0. 7. 15, 20 210, 1 1511115215, 5
lampedo 1713 litteratores 103, 11. 13. 1511338,7
1111115111 277, 3 10, 21 Luperci 165, 4. 333, 5
1151111277, 1 11151224, 5 lupi 248, l
1111511111 101, 12 Livia 132, 2 1111111251, 2
1511111111 20, 10 Τ. Livius 91, 7. Livius lirstro, 1111111277, 4
11151333, 19 91, 8 lustrum 172, 3
luridum 272, 2 111111 Andronicus 10, 2 11151333, 5

 

