544 , 1111111 1111111

358,8.306,4.51111111- 41111515111110014. 111, 351135343315325,17
111114,13 12.138,.7 17 1392. 4111551158, l. 51, 281,
1141151111111113115105 5 19 2, 95, 8, 197, 22. 112,
124115111110113115106,41111531111511151111511)9,13.130,3
10.108,1011551511115.3·.15.5. 327,15 415511511511-30,2. 138,
111114511115515111515 411115351151(3111111111119.325,16
106, 3 551)139,1 4111111134. 1
41155151151111114, 12 41111515151111111151113,2 Atratinus 84 5. 123, 13
hi. 41151151 Liberalis 1115111115 335 3 41151 Quintius
129,113111111805 4111111151160, 15
51511119, 5 Artorius 1151115115 309 8 4111512326
511533111111511 35511151 111111272, 1. 2 4111517,8111151111141-
531151111229, 1 415111513174.11557,13
135115151229, 6 (1.41551151Ρ5111111111 92, 41115511,11 14 112,16
5311254, 1 3 415111 Norlridorum rex
apex 268 2 411132 11.43, 1. 195, 315, 6
clouvris 35151205, 2 4 315 1332, 6 4151115111 (muns) 24 7
511511111151115214, 8 4111111149, 4 4151111111(81111111)317
ἁποκοτταβίζειν329, 8 1111112491 11
435115 321 23. 341, 4. 04111151 (111151 48 5. 1113511151111151151135151
342, 8 86,1 411111119511111 200, 4
435115551551155311151111 53131151115110,19 4113111111 44, 9. 45. 0.
82, 3 4111111125111582, 10. 80, 47, 6. 48, 6. 824. 94,
1351531121, 17 l 108, 2111115153511 l. 113, 2. 15. 114,
13311515 287 4 8111111111151131115315-17.115,3.116.Ι.121.
vio ,43311 25, 2. 33, 0 11511111 198, 3 Asinius 7.124,19.164,8.244.
4331111(61111111)317,19 198, 241151115130, 14 4345. 9. 349, 3309,
53112481 5155513 ια 511111 1111133511 4. 1180115111 411351-
Aprilis 103, 19. 160, 2 11513511155 1111151335- tos 358, 8111 lilium
1114351511110213 513321, 2 (1.1111111)137,10511-
1351200, 7. 291, 3 46 5153513111 σκύτινα nul visnus 4113511111 131,
35111116511111111155515· 5513511553213 12.161,5531115115111
111136, 4 51153 ui 289, 15 Horatium 45, 14. 18.
1351115250, 4 11151155111111319, 5 46,1.9. 47,7511.1115·
535115 2211, 3 1115111551137,19.139,1 55111511151131545,7
411451111511359, 3 asteriscus cum 511515 4131111111151111104,5.
415151 236, 4 3115515-137,19.139, 5 7.169,3
1151110114511515111- 515153515132014 aviculae minutissimae
5511115133, 11 2515151515 253, 3
115111111287, 5 5111131, 326 15 1111111276, 7
1151111111,3.31,15 1111515311 tull 1111112333
4151151511 1519,5.7 411111511311,8 Ι41151111103111111105, 1
Archilochus 10, 10. 19, 4151118131151064 116, 031111111101,10111111-
19. 274,4 15913115116, 17 151110115515111055
architecti 132, 13 L. 415111 Philologus l97 in 3111111511115 11115111
513353151151131273, 4 22 415151 Philologus 3111 inscribitur pinax
5133511115351273, 3 100, 34151111 11115151 105, 10
53355 273, 7 111111108,51115111111111 aurigarum in circo 5515·
5131151201, 8 rerum 115115111,511198 551 339, 3
arctophylax 219, 8 1111- 2153111511515115111111 Aurora 1611,6
·155155151219,9 115111111108,8. 18113- 1111151230, 3
11515111219,1 15155111311111111110815111511111112306
515111225,6 20 3115113111 (1111115115 41115111 u 19, 3
415111511111128,81111111111111108,24 11111113111111173,.1 ,,174 l.
argestes 231,5 411111114,1·2 175,.1.ἰί,1191.1
4131151338,1·2 4151111155, 15,14,13.11115151120251151204,

1115512432 10, l. 38, 4 7511111311νὴ1 205,2

 

