tt svrronro nnuonnrsnvu 555

Theocritus 616, 10 tructione 1531 · Μ, 1111611116 Probus 118,
1116666166 80,1 1661316675 · 6 11611116 138, 6. 130,
’ 1666366167 mdiu, 13. 7, 4 4. 7.140,4 61116611-
Theophrnstus 6,1 1116614810 servationem sermonis
. theses 111,5 tulii 144,9 antiquillus
316360111166311,6 Μ. 616616 106, 1 cicero vapores 166116 116, 6. 0
Thracius 131, 6 80, 6. 81, 1,1, 4. 6. 7. 1611116117, 1
thrascias 119,1 84,1.106,13.1·10,16. Q. Vargunteius 101, 6
θρῆνοι 10, 1 135, 16. 136,1, 105, Vargunteius 138,6
1116111166611361 356, 6 1.351,1 16 epistota nti 1611116 48, 10
11116116 366, 1 Atticum 111, 14· 11616- ,111116 v. Terentius
Tiberius 46, 5. 86, 1, 88, heliam 111,8 nd Μ. 11· 16116 Murena 107,11. 14

1. 5. 113, 19. 116, 16. tinniunt 1135 11116666· udum 104,0

117, 4 16611616,11 16 11111111· vectius i’hiiocomus 101,
tibine chornuiicne, chori· picis 115, 4 7. 0

one 11, 7 1631166311- (Q.)Cicero 301111 limone venationes 344, 3

res 11,9 111111111Ιί161 34,1 6616 venit, prior vertit

11,8 Μ. 1611166 1116 135, 10 186,11
1111611661. Albius -161111161116136,1 Venus 340, 10. 1010.
1110101100010447, Ῑθ 11111116 Hostilius 310, 6. 1315. 10. 341,1
’11101ῐί0001 W! 471 15 334, 5 1666116 6161111161, l. 163,
1161116 103. 13. 100, 15 111661, 1661103, 10 1.115,6666666166111-
tigrides '2424 1661, 1111161031 6661165
rossemanno 1611111166 87 3 res Venerine 47 11
timor 170, 7 turpis 103, 11 Venti« iins 11116666 356, 3
11111116 154,1 suscitante 1116666 111· 6661116117,10 1661611161
Μ. Titinnius 1135 orsenius . duodecim 66161116 61
111661811116613171111116166161611683,1100,611161661186.0161111
11166 1611116318, 0 11 regionales 2'32, 3
16311 11, 11 “11166616611111110,0 1666616116 44, 3
togatae subulae 13, 9 Tuseuium 111, 16 ret· 173, 1..3 174, 4. 330, 8
16611 1113 1611111116 336, 5 161661104, 11
1661116135,15 161111661683 - vergiliae 1100
16611166111,7.113110 1316661610651, 13 1113111116Μ61643,5 161-
161616616310,0 1311116666331, 7 3111665, 11, 41, 4. 43,
1.,1613116111648, 4 3. 7. 61611116 50,
1ο11666144,6 1111111143.1,8,6 1,113,6.117,
166111118313 166,11111161041 11.134,13. 138, 7.
1161166’1111·66111166,6111ι- vagire 150, 1 160,11. 116, 10. 111,

666166136661611111166, 0111161166 cunerono 10.113,5.114,5.116,

1 16161166661610110136.8.10.138,3·
1161166166 116, 7 103, 14 1161610313.143,111661165,11.16,
11181005. 14 100, 11. 16161166 14 Aeneidos 11111148,
tragicae 1611111116 115 11116116 6111 est titnius 11 16 1666611641, 4.
1163661165, 16 indignatio 1006111666 117,11 6611111500 gs·
τρηματίται315, 11 100, 15. tu. 10 Lydia 613166 16, 11 georgici
131366166174, 1 1001517 5,8 16 georgicon 66-
τριπέδων 173,11 0161611116 06161166 30, 5 6116116 6, 0 Ι16 georgicis
131166166174, 1 0616116610,1.30, 7.10, 13.106,1111111116
61166ξῶ13610, 11 134, 5 sepulcralis 43, 11
136111633611661743 Μ. 16161166 Μ666616110 1613161661161116 1185
τοισοιζυρός 174, 4 13 111666 30, 6
triumphare 183, 3 Messeis Corvinus 83, 3. Veronensis 43 1
triumphus 147,1 4716 qundsmepistois 1611661401
1166111111611311116338, 11 103, 11 Μ16111661166666113, 10

1161631611 L. 1111611116 Primanus 161116611666116114,13, ·

’ 11616 1661163161 118,4 354,1 1611161114,18

 

